      2520      2520       861
         1         2         3         4         5
         6         7         8         9        10
        11        12        13        14        15
        16        17        18        19        20
        21        22        42        43        63
        64        84        85       105       106
       126       127       147       148       168
       169       189       190       210       211
       231       232       252       253       273
       274       294       295       315       316
       336       337       357       358       378
       379       399       400       420       421
       441       442       462       463       483
       484       504       505       525       526
       546       547       567       568       588
       589       609       610       630       631
       651       652       672       673       693
       694       714       715       735       736
       756       757       777       778       798
       799       819       820       840       841
       842       843       844       845       846
       847       848       849       850       851
       852       853       854       855       856
       857       858       859       860       861
       862       863       864       865       866
       867       868       869       870       871
       872       873       874       875       876
       877       878       879       880       881
       882       883       903       904       924
       925       945       946       966       967
       987       988      1008      1009      1029
      1030      1050      1051      1071      1072
      1092      1093      1113      1114      1134
      1135      1155      1156      1176      1177
      1197      1198      1218      1219      1239
      1240      1260      1261      1281      1282
      1302      1303      1323      1324      1344
      1345      1365      1366      1386      1387
      1407      1408      1428      1429      1449
      1450      1470      1471      1491      1492
      1512      1513      1533      1534      1554
      1555      1575      1576      1596      1597
      1617      1618      1638      1639      1659
      1660      1680      1681      1701      1702
      1703      1704      1705      1706      1707
      1708      1709      1710      1711      1712
      1713      1714      1715      1716      1717
      1718      1719      1720      1721      1722
      1723      1724      1725      1726      1727
      1728      1729      1730      1731      1732
      1733      1734      1735      1736      1737
      1738      1739      1740      1741      1742
      1743      1744      1764      1765      1785
      1786      1806      1807      1827      1828
      1848      1849      1869      1870      1890
      1891      1911      1912      1932      1933
      1953      1954      1974      1975      1995
      1996      2016      2017      2037      2038
      2058      2059      2079      2080      2100
      2101      2121      2122      2142      2143
      2163      2164      2184      2185      2205
      2206      2226      2227      2247      2248
      2268      2269      2289      2290      2310
      2311      2331      2332      2352      2353
      2373      2374      2394      2395      2415
      2416      2436      2437      2457      2458
      2478      2479      2499      2500      2520
      2521      2541      2542      2562      2563
      2564      2565      2566      2567      2568
      2569      2570      2571      2572      2573
      2574      2575      2576      2577      2578
      2579      2580      2581      2582      2583
      2584      2585      2586      2587      2588
      2589      2590      2591      2592      2593
      2594      2595      2596      2597      2598
      2599      2600      2601      2602      2603
      2604      2605      2625      2626      2646
      2647      2668      2669      2690      2691
      2712      2713      2734      2735      2756
      2757      2778      2779      2800      2801
      2822      2823      2844      2845      2866
      2867      2888      2889      2910      2911
      2932      2933      2954      2955      2976
      2977      2998      2999      3020      3021
      3042      3043      3064      3065      3086
      3087      3108      3109      3130      3131
      3152      3153      3174      3175      3196
      3197      3218      3219      3240      3241
      3262      3263      3284      3285      3306
      3307      3328      3329      3350      3351
      3372      3373      3394      3395      3416
      3417      3437      3438      3458      3459
      3460      3461      3462      3463      3464
      3465      3466      3467      3468      3469
      3470      3471      3472      3473      3474
      3475      3476      3477      3478      3479
      3480      3481      3482      3483      3484
      3485      3486      3487      3488      3489
      3490      3491      3492      3493      3494
      3495      3496      3497      3498      3499
      3500      3501      3521      3522      3542
      3543      3564      3565      3586      3587
      3608      3609      3630      3631      3652
      3653      3674      3675      3696      3697
      3718      3719      3740      3741      3762
      3763      3784      3785      3806      3807
      3828      3829      3850      3851      3872
      3873      3894      3895      3916      3917
      3938      3939      3960      3961      3982
      3983      4004      4005      4026      4027
      4048      4049      4070      4071      4092
      4093      4114      4115      4136      4137
      4158      4159      4180      4181      4202
      4203      4224      4225      4246      4247
      4268      4269      4290      4291      4312
      4313      4333      4334      4354      4355
      4356      4357      4358      4359      4360
      4361      4362      4363      4364      4365
      4366      4367      4368      4369      4370
      4371      4372      4373      4374      4375
      4376      4377      4378      4379      4380
      4381      4382      4383      4384      4385
      4386      4387      4388      4389      4390
      4391      4392      4393      4394      4395
      4396      4397      4417      4418      4438
      4439      4460      4461      4482      4483
      4504      4505      4526      4527      4548
      4549      4570      4571      4592      4593
      4614      4615      4636      4637      4658
      4659      4680      4681      4702      4703
      4724      4725      4746      4747      4768
      4769      4790      4791      4812      4813
      4834      4835      4856      4857      4878
      4879      4900      4901      4922      4923
      4944      4945      4966      4967      4988
      4989      5010      5011      5032      5033
      5054      5055      5076      5077      5098
      5099      5120      5121      5142      5143
      5164      5165      5186      5187      5208
      5209      5229      5230      5250      5251
      5252      5253      5254      5255      5256
      5257      5258      5259      5260      5261
      5262      5263      5264      5265      5266
      5267      5268      5269      5270      5271
      5272      5273      5274      5275      5276
      5277      5278      5279      5280      5281
      5282      5283      5284      5285      5286
      5287      5288      5289      5290      5291
      5292      5293      5313      5314      5334
      5335      5356      5357      5378      5379
      5400      5401      5422      5423      5444
      5445      5466      5467      5488      5489
      5510      5511      5532      5533      5554
      5555      5576      5577      5598      5599
      5620      5621      5642      5643      5664
      5665      5686      5687      5708      5709
      5730      5731      5752      5753      5774
      5775      5796      5797      5818      5819
      5840      5841      5862      5863      5884
      5885      5906      5907      5928      5929
      5950      5951      5972      5973      5994
      5995      6016      6017      6038      6039
      6060      6061      6082      6083      6104
      6105      6125      6126      6146      6147
      6148      6149      6150      6151      6152
      6153      6154      6155      6156      6157
      6158      6159      6160      6161      6162
      6163      6164      6165      6166      6167
      6168      6169      6170      6171      6172
      6173      6174      6175      6176      6177
      6178      6179      6180      6181      6182
      6183      6184      6185      6186      6187
      6188      6189      6209      6210      6230
      6231      6252      6253      6274      6275
      6296      6297      6318      6319      6340
      6341      6362      6363      6384      6385
      6406      6407      6428      6429      6450
      6451      6472      6473      6494      6495
      6516      6517      6538      6539      6560
      6561      6582      6583      6604      6605
      6626      6627      6648      6649      6670
      6671      6692      6693      6714      6715
      6736      6737      6758      6759      6780
      6781      6802      6803      6824      6825
      6846      6847      6868      6869      6890
      6891      6912      6913      6934      6935
      6956      6957      6978      6979      7000
      7001      7021      7022      7042      7043
      7044      7045      7046      7047      7048
      7049      7050      7051      7052      7053
      7054      7055      7056      7057      7058
      7059      7060      7061      7062      7063
      7064      7065      7066      7067      7068
      7069      7070      7071      7072      7073
      7074      7075      7076      7077      7078
      7079      7080      7081      7082      7083
      7084      7085      7105      7106      7126
      7127      7148      7149      7170      7171
      7192      7193      7214      7215      7236
      7237      7258      7259      7280      7281
      7302      7303      7324      7325      7346
      7347      7368      7369      7390      7391
      7412      7413      7434      7435      7456
      7457      7478      7479      7500      7501
      7522      7523      7544      7545      7566
      7567      7588      7589      7610      7611
      7632      7633      7654      7655      7676
      7677      7698      7699      7720      7721
      7742      7743      7764      7765      7786
      7787      7808      7809      7830      7831
      7852      7853      7874      7875      7896
      7897      7917      7918      7938      7939
      7940      7941      7942      7943      7944
      7945      7946      7947      7948      7949
      7950      7951      7952      7953      7954
      7955      7956      7957      7958      7959
      7960      7961      7962      7963      7964
      7965      7966      7967      7968      7969
      7970      7971      7972      7973      7974
      7975      7976      7977      7978      7979
      7980      7981      8001      8002      8022
      8023      8044      8045      8066      8067
      8088      8089      8110      8111      8132
      8133      8154      8155      8176      8177
      8198      8199      8220      8221      8242
      8243      8264      8265      8286      8287
      8308      8309      8330      8331      8352
      8353      8374      8375      8396      8397
      8418      8419      8440      8441      8462
      8463      8484      8485      8506      8507
      8528      8529      8550      8551      8572
      8573      8594      8595      8616      8617
      8638      8639      8660      8661      8682
      8683      8704      8705      8726      8727
      8748      8749      8770      8771      8792
      8793      8813      8814      8834      8835
      8836      8837      8838      8839      8840
      8841      8842      8843      8844      8845
      8846      8847      8848      8849      8850
      8851      8852      8853      8854      8855
      8856      8857      8858      8859      8860
      8861      8862      8863      8864      8865
      8866      8867      8868      8869      8870
      8871      8872      8873      8874      8875
      8876      8877      8897      8898      8918
      8919      8940      8941      8962      8963
      8984      8985      9006      9007      9028
      9029      9050      9051      9072      9073
      9094      9095      9116      9117      9138
      9139      9160      9161      9182      9183
      9204      9205      9226      9227      9248
      9249      9270      9271      9292      9293
      9314      9315      9336      9337      9358
      9359      9380      9381      9402      9403
      9424      9425      9446      9447      9468
      9469      9490      9491      9512      9513
      9534      9535      9556      9557      9578
      9579      9600      9601      9622      9623
      9644      9645      9666      9667      9688
      9689      9709      9710      9730      9731
      9732      9733      9734      9735      9736
      9737      9738      9739      9740      9741
      9742      9743      9744      9745      9746
      9747      9748      9749      9750      9751
      9752      9753      9754      9755      9756
      9757      9758      9759      9760      9761
      9762      9763      9764      9765      9766
      9767      9768      9769      9770      9771
      9772      9773      9793      9794      9814
      9815      9836      9837      9858      9859
      9880      9881      9902      9903      9924
      9925      9946      9947      9968      9969
      9990      9991     10012     10013     10034
     10035     10056     10057     10078     10079
     10100     10101     10122     10123     10144
     10145     10166     10167     10188     10189
     10210     10211     10232     10233     10254
     10255     10276     10277     10298     10299
     10320     10321     10342     10343     10364
     10365     10386     10387     10408     10409
     10430     10431     10452     10453     10474
     10475     10496     10497     10518     10519
     10540     10541     10562     10563     10584
     10585     10605     10606     10626     10627
     10628     10629     10630     10631     10632
     10633     10634     10635     10636     10637
     10638     10639     10640     10641     10642
     10643     10644     10645     10646     10647
     10648     10649     10650     10651     10652
     10653     10654     10655     10656     10657
     10658     10659     10660     10661     10662
     10663     10664     10665     10666     10667
     10668     10669     10689     10690     10710
     10711     10732     10733     10754     10755
     10776     10777     10798     10799     10820
     10821     10842     10843     10864     10865
     10886     10887     10908     10909     10930
     10931     10952     10953     10974     10975
     10996     10997     11018     11019     11040
     11041     11062     11063     11084     11085
     11106     11107     11128     11129     11150
     11151     11172     11173     11194     11195
     11216     11217     11238     11239     11260
     11261     11282     11283     11304     11305
     11326     11327     11348     11349     11370
     11371     11392     11393     11414     11415
     11436     11437     11458     11459     11480
     11481     11501     11502     11522     11523
     11524     11525     11526     11527     11528
     11529     11530     11531     11532     11533
     11534     11535     11536     11537     11538
     11539     11540     11541     11542     11543
     11544     11545     11546     11547     11548
     11549     11550     11551     11552     11553
     11554     11555     11556     11557     11558
     11559     11560     11561     11562     11563
     11564     11565     11585     11586     11606
     11607     11628     11629     11650     11651
     11672     11673     11694     11695     11716
     11717     11738     11739     11760     11761
     11782     11783     11804     11805     11826
     11827     11848     11849     11870     11871
     11892     11893     11914     11915     11936
     11937     11958     11959     11980     11981
     12002     12003     12024     12025     12046
     12047     12068     12069     12090     12091
     12112     12113     12134     12135     12156
     12157     12178     12179     12200     12201
     12222     12223     12244     12245     12266
     12267     12288     12289     12310     12311
     12332     12333     12354     12355     12376
     12377     12397     12398     12418     12419
     12420     12421     12422     12423     12424
     12425     12426     12427     12428     12429
     12430     12431     12432     12433     12434
     12435     12436     12437     12438     12439
     12440     12441     12442     12443     12444
     12445     12446     12447     12448     12449
     12450     12451     12452     12453     12454
     12455     12456     12457     12458     12459
     12460     12461     12481     12482     12502
     12503     12524     12525     12546     12547
     12568     12569     12590     12591     12612
     12613     12634     12635     12656     12657
     12678     12679     12700     12701     12722
     12723     12744     12745     12766     12767
     12788     12789     12810     12811     12832
     12833     12854     12855     12876     12877
     12898     12899     12920     12921     12942
     12943     12964     12965     12986     12987
     13008     13009     13030     13031     13052
     13053     13074     13075     13096     13097
     13118     13119     13140     13141     13162
     13163     13184     13185     13206     13207
     13228     13229     13250     13251     13272
     13273     13293     13294     13314     13315
     13316     13317     13318     13319     13320
     13321     13322     13323     13324     13325
     13326     13327     13328     13329     13330
     13331     13332     13333     13334     13335
     13336     13337     13338     13339     13340
     13341     13342     13343     13344     13345
     13346     13347     13348     13349     13350
     13351     13352     13353     13354     13355
     13356     13357     13377     13378     13398
     13399     13420     13421     13442     13443
     13464     13465     13486     13487     13508
     13509     13530     13531     13552     13553
     13574     13575     13596     13597     13618
     13619     13640     13641     13662     13663
     13684     13685     13706     13707     13728
     13729     13750     13751     13772     13773
     13794     13795     13816     13817     13838
     13839     13860     13861     13882     13883
     13904     13905     13926     13927     13948
     13949     13970     13971     13992     13993
     14014     14015     14036     14037     14058
     14059     14080     14081     14102     14103
     14124     14125     14146     14147     14168
     14169     14189     14190     14210     14211
     14212     14213     14214     14215     14216
     14217     14218     14219     14220     14221
     14222     14223     14224     14225     14226
     14227     14228     14229     14230     14231
     14232     14233     14234     14235     14236
     14237     14238     14239     14240     14241
     14242     14243     14244     14245     14246
     14247     14248     14249     14250     14251
     14252     14253     14273     14274     14294
     14295     14316     14317     14338     14339
     14360     14361     14382     14383     14404
     14405     14426     14427     14448     14449
     14470     14471     14492     14493     14514
     14515     14536     14537     14558     14559
     14580     14581     14602     14603     14624
     14625     14646     14647     14668     14669
     14690     14691     14712     14713     14734
     14735     14756     14757     14778     14779
     14800     14801     14822     14823     14844
     14845     14866     14867     14888     14889
     14910     14911     14932     14933     14954
     14955     14976     14977     14998     14999
     15020     15021     15042     15043     15064
     15065     15085     15086     15106     15107
     15108     15109     15110     15111     15112
     15113     15114     15115     15116     15117
     15118     15119     15120     15121     15122
     15123     15124     15125     15126     15127
     15128     15129     15130     15131     15132
     15133     15134     15135     15136     15137
     15138     15139     15140     15141     15142
     15143     15144     15145     15146     15147
     15148     15149     15169     15170     15190
     15191     15212     15213     15234     15235
     15256     15257     15278     15279     15300
     15301     15322     15323     15344     15345
     15366     15367     15388     15389     15410
     15411     15432     15433     15454     15455
     15476     15477     15498     15499     15520
     15521     15542     15543     15564     15565
     15586     15587     15608     15609     15630
     15631     15652     15653     15674     15675
     15696     15697     15718     15719     15740
     15741     15762     15763     15784     15785
     15806     15807     15828     15829     15850
     15851     15872     15873     15894     15895
     15916     15917     15938     15939     15960
     15961     15981     15982     16002     16003
     16004     16005     16006     16007     16008
     16009     16010     16011     16012     16013
     16014     16015     16016     16017     16018
     16019     16020     16021     16022     16023
     16024     16025     16026     16027     16028
     16029     16030     16031     16032     16033
     16034     16035     16036     16037     16038
     16039     16040     16041     16042     16043
     16044     16045     16065     16066     16086
     16087     16107     16108     16128     16129
     16149     16150     16170     16171     16191
     16192     16212     16213     16233     16234
     16254     16255     16275     16276     16296
     16297     16317     16318     16338     16339
     16359     16360     16380     16381     16401
     16402     16422     16423     16443     16444
     16464     16465     16485     16486     16506
     16507     16527     16528     16548     16549
     16569     16570     16590     16591     16611
     16612     16632     16633     16653     16654
     16674     16675     16695     16696     16716
     16717     16737     16738     16758     16759
     16779     16780     16800     16801     16821
     16822     16842     16843     16863     16864
     16865     16866     16867     16868     16869
     16870     16871     16872     16873     16874
     16875     16876     16877     16878     16879
     16880     16881     16882     16883     16884
     16885     16886     16887     16888     16889
     16890     16891     16892     16893     16894
     16895     16896     16897     16898     16899
     16900     16901     16902     16903     16904
     16905     16906     16926     16927     16947
     16948     16968     16969     16989     16990
     17010     17011     17031     17032     17052
     17053     17073     17074     17094     17095
     17115     17116     17136     17137     17157
     17158     17178     17179     17199     17200
     17220     17221     17241     17242     17262
     17263     17283     17284     17304     17305
     17325     17326     17346     17347     17367
     17368     17388     17389     17409     17410
     17430     17431     17451     17452     17472
     17473     17493     17494     17514     17515
     17535     17536     17556     17557     17577
     17578     17598     17599     17619     17620
     17640     17641     17661     17662     17682
     17683     17703     17704     17724     17725
     17726     17727     17728     17729     17730
     17731     17732     17733     17734     17735
     17736     17737     17738     17739     17740
     17741     17742     17743     17744     17745
     17746     17747     17748     17749     17750
     17751     17752     17753     17754     17755
     17756     17757     17758     17759     17760
     17761     17762     17763     17764     17765
     17766     17767     17787     17788     17808
     17809     17829     17830     17850     17851
     17871     17872     17892     17893     17913
     17914     17934     17935     17955     17956
     17976     17977     17997     17998     18018
     18019     18039     18040     18060     18061
     18081     18082     18102     18103     18123
     18124     18144     18145     18165     18166
     18186     18187     18207     18208     18228
     18229     18249     18250     18270     18271
     18291     18292     18312     18313     18333
     18334     18354     18355     18375     18376
     18396     18397     18417     18418     18438
     18439     18459     18460     18480     18481
     18501     18502     18522     18523     18543
     18544     18564     18565     18585     18586
     18587     18588     18589     18590     18591
     18592     18593     18594     18595     18596
     18597     18598     18599     18600     18601
     18602     18603     18604     18605     18606
         1         2         3         4         5
         6         7         8         9        10
        11        12        13        14        15
        16        17        18        19        20
        21        22        42        43        63
        64        84        85       105       106
       126       127       147       148       168
       169       189       190       210       211
       231       232       252       253       273
       274       294       295       315       316
       336       337       357       358       378
       379       399       400       420       421
       441       442       462       463       483
       484       504       505       525       526
       546       547       567       568       588
       589       609       610       630       631
       651       652       672       673       693
       694       714       715       735       736
       756       757       777       778       798
       799       819       820       840       841
       842       843       844       845       846
       847       848       849       850       851
       852       853       854       855       856
       857       858       859       860       861
       862       863       864       865       866
       867       868       869       870       871
       872       873       874       875       876
       877       878       879       880       881
       882       883       903       904       924
       925       945       946       966       967
       987       988      1008      1009      1029
      1030      1050      1051      1071      1072
      1092      1093      1113      1114      1134
      1135      1155      1156      1176      1177
      1197      1198      1218      1219      1239
      1240      1260      1261      1281      1282
      1302      1303      1323      1324      1344
      1345      1365      1366      1386      1387
      1407      1408      1428      1429      1449
      1450      1470      1471      1491      1492
      1512      1513      1533      1534      1554
      1555      1575      1576      1596      1597
      1617      1618      1638      1639      1659
      1660      1680      1681      1701      1702
      1703      1704      1705      1706      1707
      1708      1709      1710      1711      1712
      1713      1714      1715      1716      1717
      1718      1719      1720      1721      1722
      1723      1724      1725      1726      1727
      1728      1729      1730      1731      1732
      1733      1734      1735      1736      1737
      1738      1739      1740      1741      1742
      1743      1744      1764      1765      1785
      1786      1806      1807      1827      1828
      1848      1849      1869      1870      1890
      1891      1911      1912      1932      1933
      1953      1954      1974      1975      1995
      1996      2016      2017      2037      2038
      2058      2059      2079      2080      2100
      2101      2121      2122      2142      2143
      2163      2164      2184      2185      2205
      2206      2226      2227      2247      2248
      2268      2269      2289      2290      2310
      2311      2331      2332      2352      2353
      2373      2374      2394      2395      2415
      2416      2436      2437      2457      2458
      2478      2479      2499      2500      2520
      2521      2541      2542      2562      2563
      2564      2565      2566      2567      2568
      2569      2570      2571      2572      2573
      2574      2575      2576      2577      2578
      2579      2580      2581      2582      2583
      2584      2585      2586      2587      2588
      2589      2590      2591      2592      2593
      2594      2595      2596      2597      2598
      2599      2600      2601      2602      2603
      2604      2605      2625      2626      2646
      2647      2668      2669      2690      2691
      2712      2713      2734      2735      2756
      2757      2778      2779      2800      2801
      2822      2823      2844      2845      2866
      2867      2888      2889      2910      2911
      2932      2933      2954      2955      2976
      2977      2998      2999      3020      3021
      3042      3043      3064      3065      3086
      3087      3108      3109      3130      3131
      3152      3153      3174      3175      3196
      3197      3218      3219      3240      3241
      3262      3263      3284      3285      3306
      3307      3328      3329      3350      3351
      3372      3373      3394      3395      3416
      3417      3437      3438      3458      3459
      3460      3461      3462      3463      3464
      3465      3466      3467      3468      3469
      3470      3471      3472      3473      3474
      3475      3476      3477      3478      3479
      3480      3481      3482      3483      3484
      3485      3486      3487      3488      3489
      3490      3491      3492      3493      3494
      3495      3496      3497      3498      3499
      3500      3501      3521      3522      3542
      3543      3564      3565      3586      3587
      3608      3609      3630      3631      3652
      3653      3674      3675      3696      3697
      3718      3719      3740      3741      3762
      3763      3784      3785      3806      3807
      3828      3829      3850      3851      3872
      3873      3894      3895      3916      3917
      3938      3939      3960      3961      3982
      3983      4004      4005      4026      4027
      4048      4049      4070      4071      4092
      4093      4114      4115      4136      4137
      4158      4159      4180      4181      4202
      4203      4224      4225      4246      4247
      4268      4269      4290      4291      4312
      4313      4333      4334      4354      4355
      4356      4357      4358      4359      4360
      4361      4362      4363      4364      4365
      4366      4367      4368      4369      4370
      4371      4372      4373      4374      4375
      4376      4377      4378      4379      4380
      4381      4382      4383      4384      4385
      4386      4387      4388      4389      4390
      4391      4392      4393      4394      4395
      4396      4397      4417      4418      4438
      4439      4460      4461      4482      4483
      4504      4505      4526      4527      4548
      4549      4570      4571      4592      4593
      4614      4615      4636      4637      4658
      4659      4680      4681      4702      4703
      4724      4725      4746      4747      4768
      4769      4790      4791      4812      4813
      4834      4835      4856      4857      4878
      4879      4900      4901      4922      4923
      4944      4945      4966      4967      4988
      4989      5010      5011      5032      5033
      5054      5055      5076      5077      5098
      5099      5120      5121      5142      5143
      5164      5165      5186      5187      5208
      5209      5229      5230      5250      5251
      5252      5253      5254      5255      5256
      5257      5258      5259      5260      5261
      5262      5263      5264      5265      5266
      5267      5268      5269      5270      5271
      5272      5273      5274      5275      5276
      5277      5278      5279      5280      5281
      5282      5283      5284      5285      5286
      5287      5288      5289      5290      5291
      5292      5293      5313      5314      5334
      5335      5356      5357      5378      5379
      5400      5401      5422      5423      5444
      5445      5466      5467      5488      5489
      5510      5511      5532      5533      5554
      5555      5576      5577      5598      5599
      5620      5621      5642      5643      5664
      5665      5686      5687      5708      5709
      5730      5731      5752      5753      5774
      5775      5796      5797      5818      5819
      5840      5841      5862      5863      5884
      5885      5906      5907      5928      5929
      5950      5951      5972      5973      5994
      5995      6016      6017      6038      6039
      6060      6061      6082      6083      6104
      6105      6125      6126      6146      6147
      6148      6149      6150      6151      6152
      6153      6154      6155      6156      6157
      6158      6159      6160      6161      6162
      6163      6164      6165      6166      6167
      6168      6169      6170      6171      6172
      6173      6174      6175      6176      6177
      6178      6179      6180      6181      6182
      6183      6184      6185      6186      6187
      6188      6189      6209      6210      6230
      6231      6252      6253      6274      6275
      6296      6297      6318      6319      6340
      6341      6362      6363      6384      6385
      6406      6407      6428      6429      6450
      6451      6472      6473      6494      6495
      6516      6517      6538      6539      6560
      6561      6582      6583      6604      6605
      6626      6627      6648      6649      6670
      6671      6692      6693      6714      6715
      6736      6737      6758      6759      6780
      6781      6802      6803      6824      6825
      6846      6847      6868      6869      6890
      6891      6912      6913      6934      6935
      6956      6957      6978      6979      7000
      7001      7021      7022      7042      7043
      7044      7045      7046      7047      7048
      7049      7050      7051      7052      7053
      7054      7055      7056      7057      7058
      7059      7060      7061      7062      7063
      7064      7065      7066      7067      7068
      7069      7070      7071      7072      7073
      7074      7075      7076      7077      7078
      7079      7080      7081      7082      7083
      7084      7085      7105      7106      7126
      7127      7148      7149      7170      7171
      7192      7193      7214      7215      7236
      7237      7258      7259      7280      7281
      7302      7303      7324      7325      7346
      7347      7368      7369      7390      7391
      7412      7413      7434      7435      7456
      7457      7478      7479      7500      7501
      7522      7523      7544      7545      7566
      7567      7588      7589      7610      7611
      7632      7633      7654      7655      7676
      7677      7698      7699      7720      7721
      7742      7743      7764      7765      7786
      7787      7808      7809      7830      7831
      7852      7853      7874      7875      7896
      7897      7917      7918      7938      7939
      7940      7941      7942      7943      7944
      7945      7946      7947      7948      7949
      7950      7951      7952      7953      7954
      7955      7956      7957      7958      7959
      7960      7961      7962      7963      7964
      7965      7966      7967      7968      7969
      7970      7971      7972      7973      7974
      7975      7976      7977      7978      7979
      7980      7981      8001      8002      8022
      8023      8044      8045      8066      8067
      8088      8089      8110      8111      8132
      8133      8154      8155      8176      8177
      8198      8199      8220      8221      8242
      8243      8264      8265      8286      8287
      8308      8309      8330      8331      8352
      8353      8374      8375      8396      8397
      8418      8419      8440      8441      8462
      8463      8484      8485      8506      8507
      8528      8529      8550      8551      8572
      8573      8594      8595      8616      8617
      8638      8639      8660      8661      8682
      8683      8704      8705      8726      8727
      8748      8749      8770      8771      8792
      8793      8813      8814      8834      8835
      8836      8837      8838      8839      8840
      8841      8842      8843      8844      8845
      8846      8847      8848      8849      8850
      8851      8852      8853      8854      8855
      8856      8857      8858      8859      8860
      8861      8862      8863      8864      8865
      8866      8867      8868      8869      8870
      8871      8872      8873      8874      8875
      8876      8877      8897      8898      8918
      8919      8940      8941      8962      8963
      8984      8985      9006      9007      9028
      9029      9050      9051      9072      9073
      9094      9095      9116      9117      9138
      9139      9160      9161      9182      9183
      9204      9205      9226      9227      9248
      9249      9270      9271      9292      9293
      9314      9315      9336      9337      9358
      9359      9380      9381      9402      9403
      9424      9425      9446      9447      9468
      9469      9490      9491      9512      9513
      9534      9535      9556      9557      9578
      9579      9600      9601      9622      9623
      9644      9645      9666      9667      9688
      9689      9709      9710      9730      9731
      9732      9733      9734      9735      9736
      9737      9738      9739      9740      9741
      9742      9743      9744      9745      9746
      9747      9748      9749      9750      9751
      9752      9753      9754      9755      9756
      9757      9758      9759      9760      9761
      9762      9763      9764      9765      9766
      9767      9768      9769      9770      9771
      9772      9773      9793      9794      9814
      9815      9836      9837      9858      9859
      9880      9881      9902      9903      9924
      9925      9946      9947      9968      9969
      9990      9991     10012     10013     10034
     10035     10056     10057     10078     10079
     10100     10101     10122     10123     10144
     10145     10166     10167     10188     10189
     10210     10211     10232     10233     10254
     10255     10276     10277     10298     10299
     10320     10321     10342     10343     10364
     10365     10386     10387     10408     10409
     10430     10431     10452     10453     10474
     10475     10496     10497     10518     10519
     10540     10541     10562     10563     10584
     10585     10605     10606     10626     10627
     10628     10629     10630     10631     10632
     10633     10634     10635     10636     10637
     10638     10639     10640     10641     10642
     10643     10644     10645     10646     10647
     10648     10649     10650     10651     10652
     10653     10654     10655     10656     10657
     10658     10659     10660     10661     10662
     10663     10664     10665     10666     10667
     10668     10669     10689     10690     10710
     10711     10732     10733     10754     10755
     10776     10777     10798     10799     10820
     10821     10842     10843     10864     10865
     10886     10887     10908     10909     10930
     10931     10952     10953     10974     10975
     10996     10997     11018     11019     11040
     11041     11062     11063     11084     11085
     11106     11107     11128     11129     11150
     11151     11172     11173     11194     11195
     11216     11217     11238     11239     11260
     11261     11282     11283     11304     11305
     11326     11327     11348     11349     11370
     11371     11392     11393     11414     11415
     11436     11437     11458     11459     11480
     11481     11501     11502     11522     11523
     11524     11525     11526     11527     11528
     11529     11530     11531     11532     11533
     11534     11535     11536     11537     11538
     11539     11540     11541     11542     11543
     11544     11545     11546     11547     11548
     11549     11550     11551     11552     11553
     11554     11555     11556     11557     11558
     11559     11560     11561     11562     11563
     11564     11565     11585     11586     11606
     11607     11628     11629     11650     11651
     11672     11673     11694     11695     11716
     11717     11738     11739     11760     11761
     11782     11783     11804     11805     11826
     11827     11848     11849     11870     11871
     11892     11893     11914     11915     11936
     11937     11958     11959     11980     11981
     12002     12003     12024     12025     12046
     12047     12068     12069     12090     12091
     12112     12113     12134     12135     12156
     12157     12178     12179     12200     12201
     12222     12223     12244     12245     12266
     12267     12288     12289     12310     12311
     12332     12333     12354     12355     12376
     12377     12397     12398     12418     12419
     12420     12421     12422     12423     12424
     12425     12426     12427     12428     12429
     12430     12431     12432     12433     12434
     12435     12436     12437     12438     12439
     12440     12441     12442     12443     12444
     12445     12446     12447     12448     12449
     12450     12451     12452     12453     12454
     12455     12456     12457     12458     12459
     12460     12461     12481     12482     12502
     12503     12524     12525     12546     12547
     12568     12569     12590     12591     12612
     12613     12634     12635     12656     12657
     12678     12679     12700     12701     12722
     12723     12744     12745     12766     12767
     12788     12789     12810     12811     12832
     12833     12854     12855     12876     12877
     12898     12899     12920     12921     12942
     12943     12964     12965     12986     12987
     13008     13009     13030     13031     13052
     13053     13074     13075     13096     13097
     13118     13119     13140     13141     13162
     13163     13184     13185     13206     13207
     13228     13229     13250     13251     13272
     13273     13293     13294     13314     13315
     13316     13317     13318     13319     13320
     13321     13322     13323     13324     13325
     13326     13327     13328     13329     13330
     13331     13332     13333     13334     13335
     13336     13337     13338     13339     13340
     13341     13342     13343     13344     13345
     13346     13347     13348     13349     13350
     13351     13352     13353     13354     13355
     13356     13357     13377     13378     13398
     13399     13420     13421     13442     13443
     13464     13465     13486     13487     13508
     13509     13530     13531     13552     13553
     13574     13575     13596     13597     13618
     13619     13640     13641     13662     13663
     13684     13685     13706     13707     13728
     13729     13750     13751     13772     13773
     13794     13795     13816     13817     13838
     13839     13860     13861     13882     13883
     13904     13905     13926     13927     13948
     13949     13970     13971     13992     13993
     14014     14015     14036     14037     14058
     14059     14080     14081     14102     14103
     14124     14125     14146     14147     14168
     14169     14189     14190     14210     14211
     14212     14213     14214     14215     14216
     14217     14218     14219     14220     14221
     14222     14223     14224     14225     14226
     14227     14228     14229     14230     14231
     14232     14233     14234     14235     14236
     14237     14238     14239     14240     14241
     14242     14243     14244     14245     14246
     14247     14248     14249     14250     14251
     14252     14253     14273     14274     14294
     14295     14316     14317     14338     14339
     14360     14361     14382     14383     14404
     14405     14426     14427     14448     14449
     14470     14471     14492     14493     14514
     14515     14536     14537     14558     14559
     14580     14581     14602     14603     14624
     14625     14646     14647     14668     14669
     14690     14691     14712     14713     14734
     14735     14756     14757     14778     14779
     14800     14801     14822     14823     14844
     14845     14866     14867     14888     14889
     14910     14911     14932     14933     14954
     14955     14976     14977     14998     14999
     15020     15021     15042     15043     15064
     15065     15085     15086     15106     15107
     15108     15109     15110     15111     15112
     15113     15114     15115     15116     15117
     15118     15119     15120     15121     15122
     15123     15124     15125     15126     15127
     15128     15129     15130     15131     15132
     15133     15134     15135     15136     15137
     15138     15139     15140     15141     15142
     15143     15144     15145     15146     15147
     15148     15149     15169     15170     15190
     15191     15212     15213     15234     15235
     15256     15257     15278     15279     15300
     15301     15322     15323     15344     15345
     15366     15367     15388     15389     15410
     15411     15432     15433     15454     15455
     15476     15477     15498     15499     15520
     15521     15542     15543     15564     15565
     15586     15587     15608     15609     15630
     15631     15652     15653     15674     15675
     15696     15697     15718     15719     15740
     15741     15762     15763     15784     15785
     15806     15807     15828     15829     15850
     15851     15872     15873     15894     15895
     15916     15917     15938     15939     15960
     15961     15981     15982     16002     16003
     16004     16005     16006     16007     16008
     16009     16010     16011     16012     16013
     16014     16015     16016     16017     16018
     16019     16020     16021     16022     16023
     16024     16025     16026     16027     16028
     16029     16030     16031     16032     16033
     16034     16035     16036     16037     16038
     16039     16040     16041     16042     16043
     16044     16045     16065     16066     16086
     16087     16107     16108     16128     16129
     16149     16150     16170     16171     16191
     16192     16212     16213     16233     16234
     16254     16255     16275     16276     16296
     16297     16317     16318     16338     16339
     16359     16360     16380     16381     16401
     16402     16422     16423     16443     16444
     16464     16465     16485     16486     16506
     16507     16527     16528     16548     16549
     16569     16570     16590     16591     16611
     16612     16632     16633     16653     16654
     16674     16675     16695     16696     16716
     16717     16737     16738     16758     16759
     16779     16780     16800     16801     16821
     16822     16842     16843     16863     16864
     16865     16866     16867     16868     16869
     16870     16871     16872     16873     16874
     16875     16876     16877     16878     16879
     16880     16881     16882     16883     16884
     16885     16886     16887     16888     16889
     16890     16891     16892     16893     16894
     16895     16896     16897     16898     16899
     16900     16901     16902     16903     16904
     16905     16906     16926     16927     16947
     16948     16968     16969     16989     16990
     17010     17011     17031     17032     17052
     17053     17073     17074     17094     17095
     17115     17116     17136     17137     17157
     17158     17178     17179     17199     17200
     17220     17221     17241     17242     17262
     17263     17283     17284     17304     17305
     17325     17326     17346     17347     17367
     17368     17388     17389     17409     17410
     17430     17431     17451     17452     17472
     17473     17493     17494     17514     17515
     17535     17536     17556     17557     17577
     17578     17598     17599     17619     17620
     17640     17641     17661     17662     17682
     17683     17703     17704     17724     17725
     17726     17727     17728     17729     17730
     17731     17732     17733     17734     17735
     17736     17737     17738     17739     17740
     17741     17742     17743     17744     17745
     17746     17747     17748     17749     17750
     17751     17752     17753     17754     17755
     17756     17757     17758     17759     17760
     17761     17762     17763     17764     17765
     17766     17767     17787     17788     17808
     17809     17829     17830     17850     17851
     17871     17872     17892     17893     17913
     17914     17934     17935     17955     17956
     17976     17977     17997     17998     18018
     18019     18039     18040     18060     18061
     18081     18082     18102     18103     18123
     18124     18144     18145     18165     18166
     18186     18187     18207     18208     18228
     18229     18249     18250     18270     18271
     18291     18292     18312     18313     18333
     18334     18354     18355     18375     18376
     18396     18397     18417     18418     18438
     18439     18459     18460     18480     18481
     18501     18502     18522     18523     18543
     18544     18564     18565     18585     18586
     18587     18588     18589     18590     18591
     18592     18593     18594     18595     18596
     18597     18598     18599     18600     18601
     18602     18603     18604     18605     18606
     17746     17747     17748     17749     17750
     17751     17752     17753     17754     17755
     17756     17757     17758     17759     17760
     17761     17762     17763     17764     17765
     17766     17767     17768     17769     17770
     17771     17772     17773     17774     17775
     17776     17777     17778     17779     17780
     17781     17782     17783     17784     17785
     17786     17787     17788     17789     17790
     17791     17792     17793     17794     17795
     17796     17797     17798     17799     17800
     17801     17802     17803     17804     17805
     17806     17807     17808     17809     17810
     17811     17812     17813     17814     17815
     17816     17817     17818     17819     17820
     17821     17822     17823     17824     17825
     17826     17827     17828     17829     17830
     17831     17832     17833     17834     17835
     17836     17837     17838     17839     17840
     17841     17842     17843     17844     17845
     17846     17847     17848     17849     17850
     17851     17852     17853     17854     17855
     17856     17857     17858     17859     17860
     17861     17862     17863     17864     17865
     17866     17867     17868     17869     17870
     17871     17872     17873     17874     17875
     17876     17877     17878     17879     17880
     17881     17882     17883     17884     17885
     17886     17887     17888     17889     17890
     17891     17892     17893     17894     17895
     17896     17897     17898     17899     17900
     17901     17902     17903     17904     17905
     17906     17907     17908     17909     17910
     17911     17912     17913     17914     17915
     17916     17917     17918     17919     17920
     17921     17922     17923     17924     17925
     17926     17927     17928     17929     17930
     17931     17932     17933     17934     17935
     17936     17937     17938     17939     17940
     17941     17942     17943     17944     17945
     17946     17947     17948     17949     17950
     17951     17952     17953     17954     17955
     17956     17957     17958     17959     17960
     17961     17962     17963     17964     17965
     17966     17967     17968     17969     17970
     17971     17972     17973     17974     17975
     17976     17977     17978     17979     17980
     17981     17982     17983     17984     17985
     17986     17987     17988     17989     17990
     17991     17992     17993     17994     17995
     17996     17997     17998     17999     18000
     18001     18002     18003     18004     18005
     18006     18007     18008     18009     18010
     18011     18012     18013     18014     18015
     18016     18017     18018     18019     18020
     18021     18022     18023     18024     18025
     18026     18027     18028     18029     18030
     18031     18032     18033     18034     18035
     18036     18037     18038     18039     18040
     18041     18042     18043     18044     18045
     18046     18047     18048     18049     18050
     18051     18052     18053     18054     18055
     18056     18057     18058     18059     18060
     18061     18062     18063     18064     18065
     18066     18067     18068     18069     18070
     18071     18072     18073     18074     18075
     18076     18077     18078     18079     18080
     18081     18082     18083     18084     18085
     18086     18087     18088     18089     18090
     18091     18092     18093     18094     18095
     18096     18097     18098     18099     18100
     18101     18102     18103     18104     18105
     18106     18107     18108     18109     18110
     18111     18112     18113     18114     18115
     18116     18117     18118     18119     18120
     18121     18122     18123     18124     18125
     18126     18127     18128     18129     18130
     18131     18132     18133     18134     18135
     18136     18137     18138     18139     18140
     18141     18142     18143     18144     18145
     18146     18147     18148     18149     18150
     18151     18152     18153     18154     18155
     18156     18157     18158     18159     18160
     18161     18162     18163     18164     18165
     18166     18167     18168     18169     18170
     18171     18172     18173     18174     18175
     18176     18177     18178     18179     18180
     18181     18182     18183     18184     18185
     18186     18187     18188     18189     18190
     18191     18192     18193     18194     18195
     18196     18197     18198     18199     18200
     18201     18202     18203     18204     18205
     18206     18207     18208     18209     18210
     18211     18212     18213     18214     18215
     18216     18217     18218     18219     18220
     18221     18222     18223     18224     18225
     18226     18227     18228     18229     18230
     18231     18232     18233     18234     18235
     18236     18237     18238     18239     18240
     18241     18242     18243     18244     18245
     18246     18247     18248     18249     18250
     18251     18252     18253     18254     18255
     18256     18257     18258     18259     18260
     18261     18262     18263     18264     18265
     18266     18267     18268     18269     18270
     18271     18272     18273     18274     18275
     18276     18277     18278     18279     18280
     18281     18282     18283     18284     18285
     18286     18287     18288     18289     18290
     18291     18292     18293     18294     18295
     18296     18297     18298     18299     18300
     18301     18302     18303     18304     18305
     18306     18307     18308     18309     18310
     18311     18312     18313     18314     18315
     18316     18317     18318     18319     18320
     18321     18322     18323     18324     18325
     18326     18327     18328     18329     18330
     18331     18332     18333     18334     18335
     18336     18337     18338     18339     18340
     18341     18342     18343     18344     18345
     18346     18347     18348     18349     18350
     18351     18352     18353     18354     18355
     18356     18357     18358     18359     18360
     18361     18362     18363     18364     18365
     18366     18367     18368     18369     18370
     18371     18372     18373     18374     18375
     18376     18377     18378     18379     18380
     18381     18382     18383     18384     18385
     18386     18387     18388     18389     18390
     18391     18392     18393     18394     18395
     18396     18397     18398     18399     18400
     18401     18402     18403     18404     18405
     18406     18407     18408     18409     18410
     18411     18412     18413     18414     18415
     18416     18417     18418     18419     18420
     18421     18422     18423     18424     18425
     18426     18427     18428     18429     18430
     18431     18432     18433     18434     18435
     18436     18437     18438     18439     18440
     18441     18442     18443     18444     18445
     18446     18447     18448     18449     18450
     18451     18452     18453     18454     18455
     18456     18457     18458     18459     18460
     18461     18462     18463     18464     18465
     18466     18467     18468     18469     18470
     18471     18472     18473     18474     18475
     18476     18477     18478     18479     18480
     18481     18482     18483     18484     18485
     18486     18487     18488     18489     18490
     18491     18492     18493     18494     18495
     18496     18497     18498     18499     18500
     18501     18502     18503     18504     18505
     18506     18507     18508     18509     18510
     18511     18512     18513     18514     18515
     18516     18517     18518     18519     18520
     18521     18522     18523     18524     18525
     18526     18527     18528     18529     18530
     18531     18532     18533     18534     18535
     18536     18537     18538     18539     18540
     18541     18542     18543     18544     18545
     18546     18547     18548     18549     18550
     18551     18552     18553     18554     18555
     18556     18557     18558     18559     18560
     18561     18562     18563     18564     18565
     18566     18567     18568     18569     18570
     18571     18572     18573     18574     18575
     18576     18577     18578     18579     18580
     18581     18582     18583     18584     18585
     18586     18587     18588     18589     18590
     18591     18592     18593     18594     18595
     18596     18597     18598     18599     18600
     18601     18602     18603     18604     18605
     18606
