       576
         1      1775      1796      2657      2636      1775      1796      2658      2636         1         1
         2      2636      2657      3553      3532      2636      2658      3554      3532         1         1
         3      3532      3553      4449      4428      3532      3554      4450      4428         1         1
         4      4428      4449      5345      5324      4428      4450      5346      5324         1         1
         5      5324      5345      6241      6220      5324      5346      6242      6220         1         1
         6      6220      6241      7137      7116      6220      6242      7138      7116         1         1
         7      7116      7137      8033      8012      7116      7138      8034      8012         1         1
         8      8012      8033      8929      8908      8012      8034      8930      8908         1         1
         9      8908      8929      9825      9804      8908      8930      9826      9804         1         1
        10      9804      9825     10721     10700      9804      9826     10722     10700         1         1
        11     10700     10721     11617     11596     10700     10722     11618     11596         1         1
        12     11596     11617     12513     12492     11596     11618     12514     12492         1         1
        13     12492     12513     13409     13388     12492     12514     13410     13388         1         1
        14     13388     13409     14305     14284     13388     13410     14306     14284         1         1
        15     14284     14305     15201     15180     14284     14306     15202     15180         1         1
        16     15180     15201     16097     16076     15180     15202     16097     16076         1         1
        17      1796      1817      2679      2657      1796      1817      2680      2658         1         1
        18      2657      2679      3575      3553      2658      2680      3576      3554         1         1
        19      3553      3575      4471      4449      3554      3576      4472      4450         1         1
        20      4449      4471      5367      5345      4450      4472      5368      5346         1         1
        21      5345      5367      6263      6241      5346      5368      6264      6242         1         1
        22      6241      6263      7159      7137      6242      6264      7160      7138         1         1
        23      7137      7159      8055      8033      7138      7160      8056      8034         1         1
        24      8033      8055      8951      8929      8034      8056      8952      8930         1         1
        25      8929      8951      9847      9825      8930      8952      9848      9826         1         1
        26      9825      9847     10743     10721      9826      9848     10744     10722         1         1
        27     10721     10743     11639     11617     10722     10744     11640     11618         1         1
        28     11617     11639     12535     12513     11618     11640     12536     12514         1         1
        29     12513     12535     13431     13409     12514     12536     13432     13410         1         1
        30     13409     13431     14327     14305     13410     13432     14328     14306         1         1
        31     14305     14327     15223     15201     14306     14328     15224     15202         1         1
        32     15201     15223     16118     16097     15202     15224     16118     16097         1         1
        33      1817      1838      2701      2679      1817      1838      2702      2680         1         1
        34      2679      2701      3597      3575      2680      2702      3598      3576         1         1
        35      3575      3597      4493      4471      3576      3598      4494      4472         1         1
        36      4471      4493      5389      5367      4472      4494      5390      5368         1         1
        37      5367      5389      6285      6263      5368      5390      6286      6264         1         1
        38      6263      6285      7181      7159      6264      6286      7182      7160         1         1
        39      7159      7181      8077      8055      7160      7182      8078      8056         1         1
        40      8055      8077      8973      8951      8056      8078      8974      8952         1         1
        41      8951      8973      9869      9847      8952      8974      9870      9848         1         1
        42      9847      9869     10765     10743      9848      9870     10766     10744         1         1
        43     10743     10765     11661     11639     10744     10766     11662     11640         1         1
        44     11639     11661     12557     12535     11640     11662     12558     12536         1         1
        45     12535     12557     13453     13431     12536     12558     13454     13432         1         1
        46     13431     13453     14349     14327     13432     13454     14350     14328         1         1
        47     14327     14349     15245     15223     14328     14350     15246     15224         1         1
        48     15223     15245     16139     16118     15224     15246     16139     16118         1         1
        49      1838      1859      2723      2701      1838      1859      2724      2702         1         1
        50      2701      2723      3619      3597      2702      2724      3620      3598         1         1
        51      3597      3619      4515      4493      3598      3620      4516      4494         1         1
        52      4493      4515      5411      5389      4494      4516      5412      5390         1         1
        53      5389      5411      6307      6285      5390      5412      6308      6286         1         1
        54      6285      6307      7203      7181      6286      6308      7204      7182         1         1
        55      7181      7203      8099      8077      7182      7204      8100      8078         1         1
        56      8077      8099      8995      8973      8078      8100      8996      8974         1         1
        57      8973      8995      9891      9869      8974      8996      9892      9870         1         1
        58      9869      9891     10787     10765      9870      9892     10788     10766         1         1
        59     10765     10787     11683     11661     10766     10788     11684     11662         1         1
        60     11661     11683     12579     12557     11662     11684     12580     12558         1         1
        61     12557     12579     13475     13453     12558     12580     13476     13454         1         1
        62     13453     13475     14371     14349     13454     13476     14372     14350         1         1
        63     14349     14371     15267     15245     14350     14372     15268     15246         1         1
        64     15245     15267     16160     16139     15246     15268     16160     16139         1         1
        65      1859      1880      2745      2723      1859      1880      2746      2724         1         1
        66      2723      2745      3641      3619      2724      2746      3642      3620         1         1
        67      3619      3641      4537      4515      3620      3642      4538      4516         1         1
        68      4515      4537      5433      5411      4516      4538      5434      5412         1         1
        69      5411      5433      6329      6307      5412      5434      6330      6308         1         1
        70      6307      6329      7225      7203      6308      6330      7226      7204         1         1
        71      7203      7225      8121      8099      7204      7226      8122      8100         1         1
        72      8099      8121      9017      8995      8100      8122      9018      8996         1         1
        73      8995      9017      9913      9891      8996      9018      9914      9892         1         1
        74      9891      9913     10809     10787      9892      9914     10810     10788         1         1
        75     10787     10809     11705     11683     10788     10810     11706     11684         1         1
        76     11683     11705     12601     12579     11684     11706     12602     12580         1         1
        77     12579     12601     13497     13475     12580     12602     13498     13476         1         1
        78     13475     13497     14393     14371     13476     13498     14394     14372         1         1
        79     14371     14393     15289     15267     14372     14394     15290     15268         1         1
        80     15267     15289     16181     16160     15268     15290     16181     16160         1         1
        81      1880      1901      2767      2745      1880      1901      2768      2746         1         1
        82      2745      2767      3663      3641      2746      2768      3664      3642         1         1
        83      3641      3663      4559      4537      3642      3664      4560      4538         1         1
        84      4537      4559      5455      5433      4538      4560      5456      5434         1         1
        85      5433      5455      6351      6329      5434      5456      6352      6330         1         1
        86      6329      6351      7247      7225      6330      6352      7248      7226         1         1
        87      7225      7247      8143      8121      7226      7248      8144      8122         1         1
        88      8121      8143      9039      9017      8122      8144      9040      9018         1         1
        89      9017      9039      9935      9913      9018      9040      9936      9914         1         1
        90      9913      9935     10831     10809      9914      9936     10832     10810         1         1
        91     10809     10831     11727     11705     10810     10832     11728     11706         1         1
        92     11705     11727     12623     12601     11706     11728     12624     12602         1         1
        93     12601     12623     13519     13497     12602     12624     13520     13498         1         1
        94     13497     13519     14415     14393     13498     13520     14416     14394         1         1
        95     14393     14415     15311     15289     14394     14416     15312     15290         1         1
        96     15289     15311     16202     16181     15290     15312     16202     16181         1         1
        97      1901      1922      2789      2767      1901      1922      2790      2768         1         1
        98      2767      2789      3685      3663      2768      2790      3686      3664         1         1
        99      3663      3685      4581      4559      3664      3686      4582      4560         1         1
       100      4559      4581      5477      5455      4560      4582      5478      5456         1         1
       101      5455      5477      6373      6351      5456      5478      6374      6352         1         1
       102      6351      6373      7269      7247      6352      6374      7270      7248         1         1
       103      7247      7269      8165      8143      7248      7270      8166      8144         1         1
       104      8143      8165      9061      9039      8144      8166      9062      9040         1         1
       105      9039      9061      9957      9935      9040      9062      9958      9936         1         1
       106      9935      9957     10853     10831      9936      9958     10854     10832         1         1
       107     10831     10853     11749     11727     10832     10854     11750     11728         1         1
       108     11727     11749     12645     12623     11728     11750     12646     12624         1         1
       109     12623     12645     13541     13519     12624     12646     13542     13520         1         1
       110     13519     13541     14437     14415     13520     13542     14438     14416         1         1
       111     14415     14437     15333     15311     14416     14438     15334     15312         1         1
       112     15311     15333     16223     16202     15312     15334     16223     16202         1         1
       113      1922      1943      2811      2789      1922      1943      2812      2790         1         1
       114      2789      2811      3707      3685      2790      2812      3708      3686         1         1
       115      3685      3707      4603      4581      3686      3708      4604      4582         1         1
       116      4581      4603      5499      5477      4582      4604      5500      5478         1         1
       117      5477      5499      6395      6373      5478      5500      6396      6374         1         1
       118      6373      6395      7291      7269      6374      6396      7292      7270         1         1
       119      7269      7291      8187      8165      7270      7292      8188      8166         1         1
       120      8165      8187      9083      9061      8166      8188      9084      9062         1         1
       121      9061      9083      9979      9957      9062      9084      9980      9958         1         1
       122      9957      9979     10875     10853      9958      9980     10876     10854         1         1
       123     10853     10875     11771     11749     10854     10876     11772     11750         1         1
       124     11749     11771     12667     12645     11750     11772     12668     12646         1         1
       125     12645     12667     13563     13541     12646     12668     13564     13542         1         1
       126     13541     13563     14459     14437     13542     13564     14460     14438         1         1
       127     14437     14459     15355     15333     14438     14460     15356     15334         1         1
       128     15333     15355     16244     16223     15334     15356     16244     16223         1         1
       129      1943      1964      2833      2811      1943      1964      2834      2812         1         1
       130      2811      2833      3729      3707      2812      2834      3730      3708         1         1
       131      3707      3729      4625      4603      3708      3730      4626      4604         1         1
       132      4603      4625      5521      5499      4604      4626      5522      5500         1         1
       133      5499      5521      6417      6395      5500      5522      6418      6396         1         1
       134      6395      6417      7313      7291      6396      6418      7314      7292         1         1
       135      7291      7313      8209      8187      7292      7314      8210      8188         1         1
       136      8187      8209      9105      9083      8188      8210      9106      9084         1         1
       137      9083      9105     10001      9979      9084      9106     10002      9980         1         1
       138      9979     10001     10897     10875      9980     10002     10898     10876         1         1
       139     10875     10897     11793     11771     10876     10898     11794     11772         1         1
       140     11771     11793     12689     12667     11772     11794     12690     12668         1         1
       141     12667     12689     13585     13563     12668     12690     13586     13564         1         1
       142     13563     13585     14481     14459     13564     13586     14482     14460         1         1
       143     14459     14481     15377     15355     14460     14482     15378     15356         1         1
       144     15355     15377     16265     16244     15356     15378     16265     16244         1         1
       145      1964      1985      2855      2833      1964      1985      2856      2834         1         1
       146      2833      2855      3751      3729      2834      2856      3752      3730         1         1
       147      3729      3751      4647      4625      3730      3752      4648      4626         1         1
       148      4625      4647      5543      5521      4626      4648      5544      5522         1         1
       149      5521      5543      6439      6417      5522      5544      6440      6418         1         1
       150      6417      6439      7335      7313      6418      6440      7336      7314         1         1
       151      7313      7335      8231      8209      7314      7336      8232      8210         1         1
       152      8209      8231      9127      9105      8210      8232      9128      9106         1         1
       153      9105      9127     10023     10001      9106      9128     10024     10002         1         1
       154     10001     10023     10919     10897     10002     10024     10920     10898         1         1
       155     10897     10919     11815     11793     10898     10920     11816     11794         1         1
       156     11793     11815     12711     12689     11794     11816     12712     12690         1         1
       157     12689     12711     13607     13585     12690     12712     13608     13586         1         1
       158     13585     13607     14503     14481     13586     13608     14504     14482         1         1
       159     14481     14503     15399     15377     14482     14504     15400     15378         1         1
       160     15377     15399     16286     16265     15378     15400     16286     16265         1         1
       161      1985      2006      2877      2855      1985      2006      2878      2856         1         1
       162      2855      2877      3773      3751      2856      2878      3774      3752         1         1
       163      3751      3773      4669      4647      3752      3774      4670      4648         1         1
       164      4647      4669      5565      5543      4648      4670      5566      5544         1         1
       165      5543      5565      6461      6439      5544      5566      6462      6440         1         1
       166      6439      6461      7357      7335      6440      6462      7358      7336         1         1
       167      7335      7357      8253      8231      7336      7358      8254      8232         1         1
       168      8231      8253      9149      9127      8232      8254      9150      9128         1         1
       169      9127      9149     10045     10023      9128      9150     10046     10024         1         1
       170     10023     10045     10941     10919     10024     10046     10942     10920         1         1
       171     10919     10941     11837     11815     10920     10942     11838     11816         1         1
       172     11815     11837     12733     12711     11816     11838     12734     12712         1         1
       173     12711     12733     13629     13607     12712     12734     13630     13608         1         1
       174     13607     13629     14525     14503     13608     13630     14526     14504         1         1
       175     14503     14525     15421     15399     14504     14526     15422     15400         1         1
       176     15399     15421     16307     16286     15400     15422     16307     16286         1         1
       177      2006      2027      2899      2877      2006      2027      2900      2878         1         1
       178      2877      2899      3795      3773      2878      2900      3796      3774         1         1
       179      3773      3795      4691      4669      3774      3796      4692      4670         1         1
       180      4669      4691      5587      5565      4670      4692      5588      5566         1         1
       181      5565      5587      6483      6461      5566      5588      6484      6462         1         1
       182      6461      6483      7379      7357      6462      6484      7380      7358         1         1
       183      7357      7379      8275      8253      7358      7380      8276      8254         1         1
       184      8253      8275      9171      9149      8254      8276      9172      9150         1         1
       185      9149      9171     10067     10045      9150      9172     10068     10046         1         1
       186     10045     10067     10963     10941     10046     10068     10964     10942         1         1
       187     10941     10963     11859     11837     10942     10964     11860     11838         1         1
       188     11837     11859     12755     12733     11838     11860     12756     12734         1         1
       189     12733     12755     13651     13629     12734     12756     13652     13630         1         1
       190     13629     13651     14547     14525     13630     13652     14548     14526         1         1
       191     14525     14547     15443     15421     14526     14548     15444     15422         1         1
       192     15421     15443     16328     16307     15422     15444     16328     16307         1         1
       193      2027      2048      2921      2899      2027      2048      2922      2900         1         1
       194      2899      2921      3817      3795      2900      2922      3818      3796         1         1
       195      3795      3817      4713      4691      3796      3818      4714      4692         1         1
       196      4691      4713      5609      5587      4692      4714      5610      5588         1         1
       197      5587      5609      6505      6483      5588      5610      6506      6484         1         1
       198      6483      6505      7401      7379      6484      6506      7402      7380         1         1
       199      7379      7401      8297      8275      7380      7402      8298      8276         1         1
       200      8275      8297      9193      9171      8276      8298      9194      9172         1         1
       201      9171      9193     10089     10067      9172      9194     10090     10068         1         1
       202     10067     10089     10985     10963     10068     10090     10986     10964         1         1
       203     10963     10985     11881     11859     10964     10986     11882     11860         1         1
       204     11859     11881     12777     12755     11860     11882     12778     12756         1         1
       205     12755     12777     13673     13651     12756     12778     13674     13652         1         1
       206     13651     13673     14569     14547     13652     13674     14570     14548         1         1
       207     14547     14569     15465     15443     14548     14570     15466     15444         1         1
       208     15443     15465     16349     16328     15444     15466     16349     16328         1         1
       209      2048      2069      2943      2921      2048      2069      2944      2922         1         1
       210      2921      2943      3839      3817      2922      2944      3840      3818         1         1
       211      3817      3839      4735      4713      3818      3840      4736      4714         1         1
       212      4713      4735      5631      5609      4714      4736      5632      5610         1         1
       213      5609      5631      6527      6505      5610      5632      6528      6506         1         1
       214      6505      6527      7423      7401      6506      6528      7424      7402         1         1
       215      7401      7423      8319      8297      7402      7424      8320      8298         1         1
       216      8297      8319      9215      9193      8298      8320      9216      9194         1         1
       217      9193      9215     10111     10089      9194      9216     10112     10090         1         1
       218     10089     10111     11007     10985     10090     10112     11008     10986         1         1
       219     10985     11007     11903     11881     10986     11008     11904     11882         1         1
       220     11881     11903     12799     12777     11882     11904     12800     12778         1         1
       221     12777     12799     13695     13673     12778     12800     13696     13674         1         1
       222     13673     13695     14591     14569     13674     13696     14592     14570         1         1
       223     14569     14591     15487     15465     14570     14592     15488     15466         1         1
       224     15465     15487     16370     16349     15466     15488     16370     16349         1         1
       225      2069      2090      2965      2943      2069      2090      2966      2944         1         1
       226      2943      2965      3861      3839      2944      2966      3862      3840         1         1
       227      3839      3861      4757      4735      3840      3862      4758      4736         1         1
       228      4735      4757      5653      5631      4736      4758      5654      5632         1         1
       229      5631      5653      6549      6527      5632      5654      6550      6528         1         1
       230      6527      6549      7445      7423      6528      6550      7446      7424         1         1
       231      7423      7445      8341      8319      7424      7446      8342      8320         1         1
       232      8319      8341      9237      9215      8320      8342      9238      9216         1         1
       233      9215      9237     10133     10111      9216      9238     10134     10112         1         1
       234     10111     10133     11029     11007     10112     10134     11030     11008         1         1
       235     11007     11029     11925     11903     11008     11030     11926     11904         1         1
       236     11903     11925     12821     12799     11904     11926     12822     12800         1         1
       237     12799     12821     13717     13695     12800     12822     13718     13696         1         1
       238     13695     13717     14613     14591     13696     13718     14614     14592         1         1
       239     14591     14613     15509     15487     14592     14614     15510     15488         1         1
       240     15487     15509     16391     16370     15488     15510     16391     16370         1         1
       241      2090      2111      2987      2965      2090      2111      2988      2966         1         1
       242      2965      2987      3883      3861      2966      2988      3884      3862         1         1
       243      3861      3883      4779      4757      3862      3884      4780      4758         1         1
       244      4757      4779      5675      5653      4758      4780      5676      5654         1         1
       245      5653      5675      6571      6549      5654      5676      6572      6550         1         1
       246      6549      6571      7467      7445      6550      6572      7468      7446         1         1
       247      7445      7467      8363      8341      7446      7468      8364      8342         1         1
       248      8341      8363      9259      9237      8342      8364      9260      9238         1         1
       249      9237      9259     10155     10133      9238      9260     10156     10134         1         1
       250     10133     10155     11051     11029     10134     10156     11052     11030         1         1
       251     11029     11051     11947     11925     11030     11052     11948     11926         1         1
       252     11925     11947     12843     12821     11926     11948     12844     12822         1         1
       253     12821     12843     13739     13717     12822     12844     13740     13718         1         1
       254     13717     13739     14635     14613     13718     13740     14636     14614         1         1
       255     14613     14635     15531     15509     14614     14636     15532     15510         1         1
       256     15509     15531     16412     16391     15510     15532     16412     16391         1         1
       257      2111      2132      3009      2987      2111      2132      3010      2988         1         1
       258      2987      3009      3905      3883      2988      3010      3906      3884         1         1
       259      3883      3905      4801      4779      3884      3906      4802      4780         1         1
       260      4779      4801      5697      5675      4780      4802      5698      5676         1         1
       261      5675      5697      6593      6571      5676      5698      6594      6572         1         1
       262      6571      6593      7489      7467      6572      6594      7490      7468         1         1
       263      7467      7489      8385      8363      7468      7490      8386      8364         1         1
       264      8363      8385      9281      9259      8364      8386      9282      9260         1         1
       265      9259      9281     10177     10155      9260      9282     10178     10156         1         1
       266     10155     10177     11073     11051     10156     10178     11074     11052         1         1
       267     11051     11073     11969     11947     11052     11074     11970     11948         1         1
       268     11947     11969     12865     12843     11948     11970     12866     12844         1         1
       269     12843     12865     13761     13739     12844     12866     13762     13740         1         1
       270     13739     13761     14657     14635     13740     13762     14658     14636         1         1
       271     14635     14657     15553     15531     14636     14658     15554     15532         1         1
       272     15531     15553     16433     16412     15532     15554     16433     16412         1         1
       273      2132      2153      3031      3009      2132      2153      3032      3010         1         1
       274      3009      3031      3927      3905      3010      3032      3928      3906         1         1
       275      3905      3927      4823      4801      3906      3928      4824      4802         1         1
       276      4801      4823      5719      5697      4802      4824      5720      5698         1         1
       277      5697      5719      6615      6593      5698      5720      6616      6594         1         1
       278      6593      6615      7511      7489      6594      6616      7512      7490         1         1
       279      7489      7511      8407      8385      7490      7512      8408      8386         1         1
       280      8385      8407      9303      9281      8386      8408      9304      9282         1         1
       281      9281      9303     10199     10177      9282      9304     10200     10178         1         1
       282     10177     10199     11095     11073     10178     10200     11096     11074         1         1
       283     11073     11095     11991     11969     11074     11096     11992     11970         1         1
       284     11969     11991     12887     12865     11970     11992     12888     12866         1         1
       285     12865     12887     13783     13761     12866     12888     13784     13762         1         1
       286     13761     13783     14679     14657     13762     13784     14680     14658         1         1
       287     14657     14679     15575     15553     14658     14680     15576     15554         1         1
       288     15553     15575     16454     16433     15554     15576     16454     16433         1         1
       289      2153      2174      3053      3031      2153      2174      3054      3032         1         1
       290      3031      3053      3949      3927      3032      3054      3950      3928         1         1
       291      3927      3949      4845      4823      3928      3950      4846      4824         1         1
       292      4823      4845      5741      5719      4824      4846      5742      5720         1         1
       293      5719      5741      6637      6615      5720      5742      6638      6616         1         1
       294      6615      6637      7533      7511      6616      6638      7534      7512         1         1
       295      7511      7533      8429      8407      7512      7534      8430      8408         1         1
       296      8407      8429      9325      9303      8408      8430      9326      9304         1         1
       297      9303      9325     10221     10199      9304      9326     10222     10200         1         1
       298     10199     10221     11117     11095     10200     10222     11118     11096         1         1
       299     11095     11117     12013     11991     11096     11118     12014     11992         1         1
       300     11991     12013     12909     12887     11992     12014     12910     12888         1         1
       301     12887     12909     13805     13783     12888     12910     13806     13784         1         1
       302     13783     13805     14701     14679     13784     13806     14702     14680         1         1
       303     14679     14701     15597     15575     14680     14702     15598     15576         1         1
       304     15575     15597     16475     16454     15576     15598     16475     16454         1         1
       305      2174      2195      3075      3053      2174      2195      3076      3054         1         1
       306      3053      3075      3971      3949      3054      3076      3972      3950         1         1
       307      3949      3971      4867      4845      3950      3972      4868      4846         1         1
       308      4845      4867      5763      5741      4846      4868      5764      5742         1         1
       309      5741      5763      6659      6637      5742      5764      6660      6638         1         1
       310      6637      6659      7555      7533      6638      6660      7556      7534         1         1
       311      7533      7555      8451      8429      7534      7556      8452      8430         1         1
       312      8429      8451      9347      9325      8430      8452      9348      9326         1         1
       313      9325      9347     10243     10221      9326      9348     10244     10222         1         1
       314     10221     10243     11139     11117     10222     10244     11140     11118         1         1
       315     11117     11139     12035     12013     11118     11140     12036     12014         1         1
       316     12013     12035     12931     12909     12014     12036     12932     12910         1         1
       317     12909     12931     13827     13805     12910     12932     13828     13806         1         1
       318     13805     13827     14723     14701     13806     13828     14724     14702         1         1
       319     14701     14723     15619     15597     14702     14724     15620     15598         1         1
       320     15597     15619     16496     16475     15598     15620     16496     16475         1         1
       321      2195      2216      3097      3075      2195      2216      3098      3076         1         1
       322      3075      3097      3993      3971      3076      3098      3994      3972         1         1
       323      3971      3993      4889      4867      3972      3994      4890      4868         1         1
       324      4867      4889      5785      5763      4868      4890      5786      5764         1         1
       325      5763      5785      6681      6659      5764      5786      6682      6660         1         1
       326      6659      6681      7577      7555      6660      6682      7578      7556         1         1
       327      7555      7577      8473      8451      7556      7578      8474      8452         1         1
       328      8451      8473      9369      9347      8452      8474      9370      9348         1         1
       329      9347      9369     10265     10243      9348      9370     10266     10244         1         1
       330     10243     10265     11161     11139     10244     10266     11162     11140         1         1
       331     11139     11161     12057     12035     11140     11162     12058     12036         1         1
       332     12035     12057     12953     12931     12036     12058     12954     12932         1         1
       333     12931     12953     13849     13827     12932     12954     13850     13828         1         1
       334     13827     13849     14745     14723     13828     13850     14746     14724         1         1
       335     14723     14745     15641     15619     14724     14746     15642     15620         1         1
       336     15619     15641     16517     16496     15620     15642     16517     16496         1         1
       337      2216      2237      3119      3097      2216      2237      3120      3098         1         1
       338      3097      3119      4015      3993      3098      3120      4016      3994         1         1
       339      3993      4015      4911      4889      3994      4016      4912      4890         1         1
       340      4889      4911      5807      5785      4890      4912      5808      5786         1         1
       341      5785      5807      6703      6681      5786      5808      6704      6682         1         1
       342      6681      6703      7599      7577      6682      6704      7600      7578         1         1
       343      7577      7599      8495      8473      7578      7600      8496      8474         1         1
       344      8473      8495      9391      9369      8474      8496      9392      9370         1         1
       345      9369      9391     10287     10265      9370      9392     10288     10266         1         1
       346     10265     10287     11183     11161     10266     10288     11184     11162         1         1
       347     11161     11183     12079     12057     11162     11184     12080     12058         1         1
       348     12057     12079     12975     12953     12058     12080     12976     12954         1         1
       349     12953     12975     13871     13849     12954     12976     13872     13850         1         1
       350     13849     13871     14767     14745     13850     13872     14768     14746         1         1
       351     14745     14767     15663     15641     14746     14768     15664     15642         1         1
       352     15641     15663     16538     16517     15642     15664     16538     16517         1         1
       353      2237      2258      3141      3119      2237      2258      3142      3120         1         1
       354      3119      3141      4037      4015      3120      3142      4038      4016         1         1
       355      4015      4037      4933      4911      4016      4038      4934      4912         1         1
       356      4911      4933      5829      5807      4912      4934      5830      5808         1         1
       357      5807      5829      6725      6703      5808      5830      6726      6704         1         1
       358      6703      6725      7621      7599      6704      6726      7622      7600         1         1
       359      7599      7621      8517      8495      7600      7622      8518      8496         1         1
       360      8495      8517      9413      9391      8496      8518      9414      9392         1         1
       361      9391      9413     10309     10287      9392      9414     10310     10288         1         1
       362     10287     10309     11205     11183     10288     10310     11206     11184         1         1
       363     11183     11205     12101     12079     11184     11206     12102     12080         1         1
       364     12079     12101     12997     12975     12080     12102     12998     12976         1         1
       365     12975     12997     13893     13871     12976     12998     13894     13872         1         1
       366     13871     13893     14789     14767     13872     13894     14790     14768         1         1
       367     14767     14789     15685     15663     14768     14790     15686     15664         1         1
       368     15663     15685     16559     16538     15664     15686     16559     16538         1         1
       369      2258      2279      3163      3141      2258      2279      3164      3142         1         1
       370      3141      3163      4059      4037      3142      3164      4060      4038         1         1
       371      4037      4059      4955      4933      4038      4060      4956      4934         1         1
       372      4933      4955      5851      5829      4934      4956      5852      5830         1         1
       373      5829      5851      6747      6725      5830      5852      6748      6726         1         1
       374      6725      6747      7643      7621      6726      6748      7644      7622         1         1
       375      7621      7643      8539      8517      7622      7644      8540      8518         1         1
       376      8517      8539      9435      9413      8518      8540      9436      9414         1         1
       377      9413      9435     10331     10309      9414      9436     10332     10310         1         1
       378     10309     10331     11227     11205     10310     10332     11228     11206         1         1
       379     11205     11227     12123     12101     11206     11228     12124     12102         1         1
       380     12101     12123     13019     12997     12102     12124     13020     12998         1         1
       381     12997     13019     13915     13893     12998     13020     13916     13894         1         1
       382     13893     13915     14811     14789     13894     13916     14812     14790         1         1
       383     14789     14811     15707     15685     14790     14812     15708     15686         1         1
       384     15685     15707     16580     16559     15686     15708     16580     16559         1         1
       385      2279      2300      3185      3163      2279      2300      3186      3164         1         1
       386      3163      3185      4081      4059      3164      3186      4082      4060         1         1
       387      4059      4081      4977      4955      4060      4082      4978      4956         1         1
       388      4955      4977      5873      5851      4956      4978      5874      5852         1         1
       389      5851      5873      6769      6747      5852      5874      6770      6748         1         1
       390      6747      6769      7665      7643      6748      6770      7666      7644         1         1
       391      7643      7665      8561      8539      7644      7666      8562      8540         1         1
       392      8539      8561      9457      9435      8540      8562      9458      9436         1         1
       393      9435      9457     10353     10331      9436      9458     10354     10332         1         1
       394     10331     10353     11249     11227     10332     10354     11250     11228         1         1
       395     11227     11249     12145     12123     11228     11250     12146     12124         1         1
       396     12123     12145     13041     13019     12124     12146     13042     13020         1         1
       397     13019     13041     13937     13915     13020     13042     13938     13916         1         1
       398     13915     13937     14833     14811     13916     13938     14834     14812         1         1
       399     14811     14833     15729     15707     14812     14834     15730     15708         1         1
       400     15707     15729     16601     16580     15708     15730     16601     16580         1         1
       401      2300      2321      3207      3185      2300      2321      3208      3186         1         1
       402      3185      3207      4103      4081      3186      3208      4104      4082         1         1
       403      4081      4103      4999      4977      4082      4104      5000      4978         1         1
       404      4977      4999      5895      5873      4978      5000      5896      5874         1         1
       405      5873      5895      6791      6769      5874      5896      6792      6770         1         1
       406      6769      6791      7687      7665      6770      6792      7688      7666         1         1
       407      7665      7687      8583      8561      7666      7688      8584      8562         1         1
       408      8561      8583      9479      9457      8562      8584      9480      9458         1         1
       409      9457      9479     10375     10353      9458      9480     10376     10354         1         1
       410     10353     10375     11271     11249     10354     10376     11272     11250         1         1
       411     11249     11271     12167     12145     11250     11272     12168     12146         1         1
       412     12145     12167     13063     13041     12146     12168     13064     13042         1         1
       413     13041     13063     13959     13937     13042     13064     13960     13938         1         1
       414     13937     13959     14855     14833     13938     13960     14856     14834         1         1
       415     14833     14855     15751     15729     14834     14856     15752     15730         1         1
       416     15729     15751     16622     16601     15730     15752     16622     16601         1         1
       417      2321      2342      3229      3207      2321      2342      3230      3208         1         1
       418      3207      3229      4125      4103      3208      3230      4126      4104         1         1
       419      4103      4125      5021      4999      4104      4126      5022      5000         1         1
       420      4999      5021      5917      5895      5000      5022      5918      5896         1         1
       421      5895      5917      6813      6791      5896      5918      6814      6792         1         1
       422      6791      6813      7709      7687      6792      6814      7710      7688         1         1
       423      7687      7709      8605      8583      7688      7710      8606      8584         1         1
       424      8583      8605      9501      9479      8584      8606      9502      9480         1         1
       425      9479      9501     10397     10375      9480      9502     10398     10376         1         1
       426     10375     10397     11293     11271     10376     10398     11294     11272         1         1
       427     11271     11293     12189     12167     11272     11294     12190     12168         1         1
       428     12167     12189     13085     13063     12168     12190     13086     13064         1         1
       429     13063     13085     13981     13959     13064     13086     13982     13960         1         1
       430     13959     13981     14877     14855     13960     13982     14878     14856         1         1
       431     14855     14877     15773     15751     14856     14878     15774     15752         1         1
       432     15751     15773     16643     16622     15752     15774     16643     16622         1         1
       433      2342      2363      3251      3229      2342      2363      3252      3230         1         1
       434      3229      3251      4147      4125      3230      3252      4148      4126         1         1
       435      4125      4147      5043      5021      4126      4148      5044      5022         1         1
       436      5021      5043      5939      5917      5022      5044      5940      5918         1         1
       437      5917      5939      6835      6813      5918      5940      6836      6814         1         1
       438      6813      6835      7731      7709      6814      6836      7732      7710         1         1
       439      7709      7731      8627      8605      7710      7732      8628      8606         1         1
       440      8605      8627      9523      9501      8606      8628      9524      9502         1         1
       441      9501      9523     10419     10397      9502      9524     10420     10398         1         1
       442     10397     10419     11315     11293     10398     10420     11316     11294         1         1
       443     11293     11315     12211     12189     11294     11316     12212     12190         1         1
       444     12189     12211     13107     13085     12190     12212     13108     13086         1         1
       445     13085     13107     14003     13981     13086     13108     14004     13982         1         1
       446     13981     14003     14899     14877     13982     14004     14900     14878         1         1
       447     14877     14899     15795     15773     14878     14900     15796     15774         1         1
       448     15773     15795     16664     16643     15774     15796     16664     16643         1         1
       449      2363      2384      3273      3251      2363      2384      3274      3252         1         1
       450      3251      3273      4169      4147      3252      3274      4170      4148         1         1
       451      4147      4169      5065      5043      4148      4170      5066      5044         1         1
       452      5043      5065      5961      5939      5044      5066      5962      5940         1         1
       453      5939      5961      6857      6835      5940      5962      6858      6836         1         1
       454      6835      6857      7753      7731      6836      6858      7754      7732         1         1
       455      7731      7753      8649      8627      7732      7754      8650      8628         1         1
       456      8627      8649      9545      9523      8628      8650      9546      9524         1         1
       457      9523      9545     10441     10419      9524      9546     10442     10420         1         1
       458     10419     10441     11337     11315     10420     10442     11338     11316         1         1
       459     11315     11337     12233     12211     11316     11338     12234     12212         1         1
       460     12211     12233     13129     13107     12212     12234     13130     13108         1         1
       461     13107     13129     14025     14003     13108     13130     14026     14004         1         1
       462     14003     14025     14921     14899     14004     14026     14922     14900         1         1
       463     14899     14921     15817     15795     14900     14922     15818     15796         1         1
       464     15795     15817     16685     16664     15796     15818     16685     16664         1         1
       465      2384      2405      3295      3273      2384      2405      3296      3274         1         1
       466      3273      3295      4191      4169      3274      3296      4192      4170         1         1
       467      4169      4191      5087      5065      4170      4192      5088      5066         1         1
       468      5065      5087      5983      5961      5066      5088      5984      5962         1         1
       469      5961      5983      6879      6857      5962      5984      6880      6858         1         1
       470      6857      6879      7775      7753      6858      6880      7776      7754         1         1
       471      7753      7775      8671      8649      7754      7776      8672      8650         1         1
       472      8649      8671      9567      9545      8650      8672      9568      9546         1         1
       473      9545      9567     10463     10441      9546      9568     10464     10442         1         1
       474     10441     10463     11359     11337     10442     10464     11360     11338         1         1
       475     11337     11359     12255     12233     11338     11360     12256     12234         1         1
       476     12233     12255     13151     13129     12234     12256     13152     13130         1         1
       477     13129     13151     14047     14025     13130     13152     14048     14026         1         1
       478     14025     14047     14943     14921     14026     14048     14944     14922         1         1
       479     14921     14943     15839     15817     14922     14944     15840     15818         1         1
       480     15817     15839     16706     16685     15818     15840     16706     16685         1         1
       481      2405      2426      3317      3295      2405      2426      3318      3296         1         1
       482      3295      3317      4213      4191      3296      3318      4214      4192         1         1
       483      4191      4213      5109      5087      4192      4214      5110      5088         1         1
       484      5087      5109      6005      5983      5088      5110      6006      5984         1         1
       485      5983      6005      6901      6879      5984      6006      6902      6880         1         1
       486      6879      6901      7797      7775      6880      6902      7798      7776         1         1
       487      7775      7797      8693      8671      7776      7798      8694      8672         1         1
       488      8671      8693      9589      9567      8672      8694      9590      9568         1         1
       489      9567      9589     10485     10463      9568      9590     10486     10464         1         1
       490     10463     10485     11381     11359     10464     10486     11382     11360         1         1
       491     11359     11381     12277     12255     11360     11382     12278     12256         1         1
       492     12255     12277     13173     13151     12256     12278     13174     13152         1         1
       493     13151     13173     14069     14047     13152     13174     14070     14048         1         1
       494     14047     14069     14965     14943     14048     14070     14966     14944         1         1
       495     14943     14965     15861     15839     14944     14966     15862     15840         1         1
       496     15839     15861     16727     16706     15840     15862     16727     16706         1         1
       497      2426      2447      3339      3317      2426      2447      3340      3318         1         1
       498      3317      3339      4235      4213      3318      3340      4236      4214         1         1
       499      4213      4235      5131      5109      4214      4236      5132      5110         1         1
       500      5109      5131      6027      6005      5110      5132      6028      6006         1         1
       501      6005      6027      6923      6901      6006      6028      6924      6902         1         1
       502      6901      6923      7819      7797      6902      6924      7820      7798         1         1
       503      7797      7819      8715      8693      7798      7820      8716      8694         1         1
       504      8693      8715      9611      9589      8694      8716      9612      9590         1         1
       505      9589      9611     10507     10485      9590      9612     10508     10486         1         1
       506     10485     10507     11403     11381     10486     10508     11404     11382         1         1
       507     11381     11403     12299     12277     11382     11404     12300     12278         1         1
       508     12277     12299     13195     13173     12278     12300     13196     13174         1         1
       509     13173     13195     14091     14069     13174     13196     14092     14070         1         1
       510     14069     14091     14987     14965     14070     14092     14988     14966         1         1
       511     14965     14987     15883     15861     14966     14988     15884     15862         1         1
       512     15861     15883     16748     16727     15862     15884     16748     16727         1         1
       513      2447      2468      3361      3339      2447      2468      3362      3340         1         1
       514      3339      3361      4257      4235      3340      3362      4258      4236         1         1
       515      4235      4257      5153      5131      4236      4258      5154      5132         1         1
       516      5131      5153      6049      6027      5132      5154      6050      6028         1         1
       517      6027      6049      6945      6923      6028      6050      6946      6924         1         1
       518      6923      6945      7841      7819      6924      6946      7842      7820         1         1
       519      7819      7841      8737      8715      7820      7842      8738      8716         1         1
       520      8715      8737      9633      9611      8716      8738      9634      9612         1         1
       521      9611      9633     10529     10507      9612      9634     10530     10508         1         1
       522     10507     10529     11425     11403     10508     10530     11426     11404         1         1
       523     11403     11425     12321     12299     11404     11426     12322     12300         1         1
       524     12299     12321     13217     13195     12300     12322     13218     13196         1         1
       525     13195     13217     14113     14091     13196     13218     14114     14092         1         1
       526     14091     14113     15009     14987     14092     14114     15010     14988         1         1
       527     14987     15009     15905     15883     14988     15010     15906     15884         1         1
       528     15883     15905     16769     16748     15884     15906     16769     16748         1         1
       529      2468      2489      3383      3361      2468      2489      3384      3362         1         1
       530      3361      3383      4279      4257      3362      3384      4280      4258         1         1
       531      4257      4279      5175      5153      4258      4280      5176      5154         1         1
       532      5153      5175      6071      6049      5154      5176      6072      6050         1         1
       533      6049      6071      6967      6945      6050      6072      6968      6946         1         1
       534      6945      6967      7863      7841      6946      6968      7864      7842         1         1
       535      7841      7863      8759      8737      7842      7864      8760      8738         1         1
       536      8737      8759      9655      9633      8738      8760      9656      9634         1         1
       537      9633      9655     10551     10529      9634      9656     10552     10530         1         1
       538     10529     10551     11447     11425     10530     10552     11448     11426         1         1
       539     11425     11447     12343     12321     11426     11448     12344     12322         1         1
       540     12321     12343     13239     13217     12322     12344     13240     13218         1         1
       541     13217     13239     14135     14113     13218     13240     14136     14114         1         1
       542     14113     14135     15031     15009     14114     14136     15032     15010         1         1
       543     15009     15031     15927     15905     15010     15032     15928     15906         1         1
       544     15905     15927     16790     16769     15906     15928     16790     16769         1         1
       545      2489      2510      3405      3383      2489      2510      3406      3384         1         1
       546      3383      3405      4301      4279      3384      3406      4302      4280         1         1
       547      4279      4301      5197      5175      4280      4302      5198      5176         1         1
       548      5175      5197      6093      6071      5176      5198      6094      6072         1         1
       549      6071      6093      6989      6967      6072      6094      6990      6968         1         1
       550      6967      6989      7885      7863      6968      6990      7886      7864         1         1
       551      7863      7885      8781      8759      7864      7886      8782      8760         1         1
       552      8759      8781      9677      9655      8760      8782      9678      9656         1         1
       553      9655      9677     10573     10551      9656      9678     10574     10552         1         1
       554     10551     10573     11469     11447     10552     10574     11470     11448         1         1
       555     11447     11469     12365     12343     11448     11470     12366     12344         1         1
       556     12343     12365     13261     13239     12344     12366     13262     13240         1         1
       557     13239     13261     14157     14135     13240     13262     14158     14136         1         1
       558     14135     14157     15053     15031     14136     14158     15054     15032         1         1
       559     15031     15053     15949     15927     15032     15054     15950     15928         1         1
       560     15927     15949     16811     16790     15928     15950     16811     16790         1         1
       561      2510      2531      3427      3405      2510      2531      3427      3406         1         1
       562      3405      3427      4323      4301      3406      3427      4323      4302         1         1
       563      4301      4323      5219      5197      4302      4323      5219      5198         1         1
       564      5197      5219      6115      6093      5198      5219      6115      6094         1         1
       565      6093      6115      7011      6989      6094      6115      7011      6990         1         1
       566      6989      7011      7907      7885      6990      7011      7907      7886         1         1
       567      7885      7907      8803      8781      7886      7907      8803      8782         1         1
       568      8781      8803      9699      9677      8782      8803      9699      9678         1         1
       569      9677      9699     10595     10573      9678      9699     10595     10574         1         1
       570     10573     10595     11491     11469     10574     10595     11491     11470         1         1
       571     11469     11491     12387     12365     11470     11491     12387     12366         1         1
       572     12365     12387     13283     13261     12366     12387     13283     13262         1         1
       573     13261     13283     14179     14157     13262     13283     14179     14158         1         1
       574     14157     14179     15075     15053     14158     14179     15075     15054         1         1
       575     15053     15075     15971     15949     15054     15075     15971     15950         1         1
       576     15949     15971     16832     16811     15950     15971     16832     16811         1         1
